encog,BasicNetwork,java,3.3.0,1,1425322045788
[BASIC]
[BASIC:PARAMS]
[BASIC:NETWORK]
beginTraining=0
connectionLimit=0
contextTargetOffset=0,28,0
contextTargetSize=0,4,0
endTraining=2
hasContext=t
inputCount=11
layerCounts=11,5,16
layerFeedCounts=11,4,11
layerContextCount=0,0,4
layerIndex=0,11,16
output=0.2224522232,-0.1829282317,0.0063842681,0.0791754268,-0.0569749644,-0.0222058793,-0.1421194316,-0.2747170287,0.4594752535,0.860190407,0.2153133564,0.1744587432,0.6860923127,-0.2846727532,0.6796401882,1,1,0,0,0,0,0,0,0,0,0,1,1,0.2224522232,-0.1829282317,0.0063842681,0.0791754268
outputCount=11
weightIndex=0,55,119
weights=-0.8656376831,-0.1828802414,-1.0072774834,0.6005693193,-0.1959724864,-0.4548397978,0.1038748544,-0.0485043661,0.1718880206,-0.3054750694,0.0628723071,-0.0077179073,0.0438569974,0.1495097041,-0.08841707,-1.3665069362,0.8142539692,0.3315164296,-0.2835086293,0.0459786736,-0.6921130031,0.2746297941,-0.4984519859,0.2997929193,-0.4702982056,-0.1128861992,0.0324105787,-0.0537512939,-0.4395950976,0.2587164222,-0.7097212806,0.3164153725,0.8092889839,0.6457287994,-0.4438732232,-0.4938529883,0.0673853669,-0.0295504337,0.6413356002,-0.6790822906,0.6971532094,0.0204702023,0.0402941166,-0.8276915955,0.8978094411,0.6584166286,0.109497019,-0.6588619144,1.0974400172,-0.2632255686,0.44469469,-0.5913059762,-0.3517135686,-0.1101061313,0.5181322462,-0.5283918612,0.9071199061,-0.7474834838,-0.3610548335,-0.8851178553,0.6047658294,-0.1414205575,-0.421265813,0.0044260373,-0.7312501128,0.3869459303,0.0576893865,0.6771326539,1.6279851658,-0.8249593282,-0.3604631281,-0.5377821398,0.5452227115,0.2592996168,-0.2676754029,0.0193242832,0.6925982127,-0.2861545803,-0.8136346727,-0.6435216133,1.1691252807,-0.8509160288,0.8947785526,-0.8728702052,0.7126952436,0.2759790172,-2.629728869,0.3066668698,0.768391788,-0.6565447027,-0.8644885668,-0.4121005622,0.218703396,0.0634504142,-0.0472404742,0.5278650437,0.2711110236,0.2965247233,-0.2327403964,0.2071709572,0.1424882986,-0.6978118664,0.9777188524,-0.4493864391,-0.9292230239,1.3440998966,0.0219850379,0.3348098009,-0.6301154345,0.3422277434,0.58251581,0.5389310807,0.3026310678,-0.4086533875,0.5823455254,0.8690131545,-3.8684395717,-0.8983870937,0.0256674308
biasActivation=0,1,1
[BASIC:ACTIVATION]
"org.encog.engine.network.activation.ActivationLinear"
"org.encog.engine.network.activation.ActivationLOG"
"org.encog.engine.network.activation.ActivationLOG"
