encog,BasicNetwork,java,3.3.0,1,1425320143592
[BASIC]
[BASIC:PARAMS]
[BASIC:NETWORK]
beginTraining=0
connectionLimit=0
contextTargetOffset=0,25,0
contextTargetSize=0,1,0
endTraining=2
hasContext=t
inputCount=11
layerCounts=11,2,13
layerFeedCounts=11,1,11
layerContextCount=0,0,1
layerIndex=0,11,13
output=-0.4037175208,-0.008264363,0.3999994948,-0.5767870957,0.2954312045,-0.6705902527,-0.3251798016,-0.70046203,0.70768703,0.5461742553,-0.6736735714,0.3689723106,1,1,0,0,0,0,0,0,0,0,0,1,1,-0.4037175208
outputCount=11
weightIndex=0,22,35
weights=0.1594281994,-0.4625421119,0.4797516134,-0.1852794244,-0.8596162346,0.7171740831,0.4599403699,-0.7464923568,-0.9167010584,0.6336685121,0.5343915988,-0.8677659557,0.1113324968,-0.3662584102,-0.82335061,-0.396668453,0.9969228228,0.3398501126,0.799446769,0.2512005337,-0.7377063162,-0.4014803674,-0.0102533424,-0.9906480133,0.1934923083,-0.2091895441,0.8490213847,-0.5152261325,0.2599562457,0.1066546205,-0.829990429,0.347566582,0.6419926776,-0.1854917777,0.4061458364
biasActivation=0,1,1
[BASIC:ACTIVATION]
"org.encog.engine.network.activation.ActivationLinear"
"org.encog.engine.network.activation.ActivationLOG"
"org.encog.engine.network.activation.ActivationLOG"
